30
24
32
19
23
1
17
6
2
25
29
20
33
31
18
15
34
4
7
35
36
27
40
37
45
42
44
48
46
38
47
43
41
39
52
49
57
50
53
55
61
59
63
65
51
64
69
58
60
62
56
54
66
71
67
68
77
73
74
70
75
79
72
78
80
81
85
83
82
84
88
93
91
95
89
87
92
90
101
86
100
96
97
98
99
108
104
102
105
107
109
103
112
111
106
118
115
116
121
114
119
113
125
117
123
126
122
129
124
120
135
134
133
131
128
132
139
127
142
143
130
136
141
138
137
146
140
148
144
147
150
145
149
153
151
155
152
154
158
159
157
166
168
156
160
164
165
162
173
176
175
172
163
171
167
179
161
177
178
180
182
186
184
193
195
183
188
185
181
191
190
189
192
198
202
194
196
197
199
206
210
201
207
200
204
211
214
205
203
209
212
208
215
213
219
225
222
217
220
216
