30
24
32
19
23
1
17
6
2
25
29
20
33
31
18
15
34
4
7
35
36
27
40
37
45
42
44
48
46
38
47
43
41
39
52
49
57
50
53
55
61
59
63
65
51
64
69
58
60
62
56
54
66
71
67
68
77
73
74
70
75
79
72
78
80
81
85
83
82
84
88
93
91
95
89
87
92
90
101
86
100
96
97
98
99
108
104
102
105
107
109
103
112
111
106
118
115
116
121
114
119
113
125
117
123
126
122
129
124
120
135
134
133
131
128
132
139
127
142
143
130
136
141
138
137
146
140
148
144
147
150
145
149
153
151
155
152
154
158
159
157
166
168
156
160
164
165
162
173
176
175
172
163
171
167
179
161
177
178
180
182
186
184
193
195
183
188
185
181
191
190
189
192
198
202
194
196
197
199
206
210
201
207
200
204
211
214
205
203
209
212
208
215
213
219
225
222
217
220
216
218
224
223
227
221
229
232
226
231
230
240
243
233
246
234
239
244
249
250
237
252
242
254
253
251
247
241
245
238
255
256
259
260
262
265
266
258
268
267
261
257
274
264
273
263
272
278
271
282
270
277
280
286
275
281
284
287
279
285
292
290
291
283
289
288
299
294
298
296
295
303
293
300
304
297
302
301
306
310
307
319
314
312
311
317
308
316
313
322
315
321
324
320
318
326
330
332
329
325
327
328
323
336
334
335
331
343
339
340
341
337
344
342
338
346
345
347
351
352
348
350
349
355
353
357
354
362
358
360
364
363
359
376
373
365
361
375
377
368
366
372
379
367
374
378
371
369
385
383
382
380
370
384
390
387
386
388
392
391
394
395
393
389
381
404
396
400
401
406
399
403
410
409
397
398
417
408
415
412
407
418
413
416
420
419
424
429
426
436
423
427
430
434
422
438
428
432
435
439
440
433
431
442
437
445
444
441
448
446
454
452
450
455
456
447
453
451
449
457
459
458
461
462
463
460
471
466
464
472
467
469
468
474
465
476
470
478
475
477
480
482
485
488
484
490
481
494
486
487
492
496
489
491
498
493
495
502
501
504
509
505
508
500
511
513
516
507
514
510
519
522
517
518
503
523
512
521
499
497
524
525
520
528
527
526
534
532
537
529
535
530
533
540
538
536
543
539
542
547
541
546
549
548
556
544
552
545
551
550
558
559
553
554
563
555
557
560
562
565
561
568
566
570
569
564
567
576
575
577
572
574
579
578
573
571
581
580
583
585
582
584
595
593
588
591
587
597
590
596
594
592
589
600
586
605
606
599
598
601
607
602
610
604
608
611
612
616
603
618
617
615
609
614
619
613
620
622
623
621
627
626
625
634
632
628
631
633
624
629
635
630
639
636
637
638
642
640
645
641
647
644
652
651
646
648
650
649
654
656
653
659
655
660
662
658
664
666
661
657
665
677
668
675
676
680
671
672
681
674
670
663
667
669
673
683
682
679
688
686
684
690
685
687
689
691
692
696
697
693
694
700
698
699
695
705
706
708
702
712
704
703
716
720
701
714
711
707
723
710
721
717
718
713
725
715
727
719
729
726
724
722
730
731
733
732
737
734
728
735
739
738
736
740
748
751
743
745
741
750
744
742
757
747
746
758
753
759
754
756
752
755
760
749
761
763
766
764
765
767
762
772
769
771
768
770
773
775
778
776
789
774
790
793
777
792
787
788
791
797
836
834
837
839
845
844
838
840
843
848
853
849
852
851
855
850
854
858
857
859
861
863
864
866
862
868
841
869
865
871
874
835
872
842
846
878
873
876
856
875
880
860
881
879
877
883
867
887
890
885
888
884
892
889
893
886
891
896
882
894
901
895
899
897
898
900
902
906
903
909
904
907
905
908
910
913
915
914
912
911
921
918
920
916
923
917
919
930
926
922
925
924
932
928
931
935
929
933
936
927
934
939
938
940
937
944
941
942
943
946
948
954
957
955
951
947
945
950
956
952
953
961
959
949
962
966
967
960
958
970
963
965
964
968
975
972
971
974
979
978
980
977
988
976
984
973
986
982
981
983
989
992
987
991
985
993
994
990
995
996
999
998
997
1006
1005
1000
1003
1004
1002
1009
1001
1007
1008
1016
1012
1011
1010
1013
1021
1023
1022
1019
1017
1014
1018
1028
1029
1015
1031
1020
1030
1024
1027
1034
1035
1033
1036
1041
1045
1037
1038
1040
1039
1043
1042
1044
1046
1050
1047
1055
1051
1053
1052
1058
1048
1060
1065
1059
1056
1067
1064
1054
1049
1061
1068
1057
1066
1071
1063
1069
1062
1070
1072
1073
1077
1075
1074
1076
1080
1079
1078
1082
1084
1083
1085
1081
1087
1086
1091
1090
1092
1102
1094
1096
1099
1089
1088
1095
1104
1100
1097
1098
1105
1093
1110
1109
1103
1106
1108
1114
1115
1112
1118
1113
1119
1116
1111
1117
1107
1101
1120
1122
1121
1126
1129
1137
1123
1128
1131
1124
1133
1134
1130
1136
1138
1139
1132
1135
1127
1149
1142
1140
1141
1143
1144
1147
1153
1146
1151
1154
1148
1155
1156
1152
1162
1157
1166
1150
1164
1160
1158
1167
1163
1169
1165
1168
1170
1161
1172
1175
1171
1173
1176
1174
1177
1181
1187
1178
1185
1186
1184
1190
1191
1183
1194
1195
1203
1204
1199
1210
1198
1179
1202
1206
1211
1212
1201
1207
1200
1215
1180
1216
1192
1209
1218
1213
1221
1217
1225
1224
1193
1228
1223
1222
1189
1226
1197
1205
1219
1229
1208
1231
1227
1230
1236
1233
1238
1232
1237
1239
1240
1249
1244
1245
1246
1247
1235
1243
1234
1242
1253
1241
1248
1252
1257
1250
1256
1259
1262
1255
1251
1258
1264
1261
1260
1254
1265
1269
1268
1263
1273
1276
1266
1267
1275
1272
1279
1284
1281
1280
1277
1274
1282
1286
1287
1283
1293
1289
1294
1285
1288
1292
1300
1297
1299
1298
1296
1295
1290
1302
1301
1303
1291
1308
1311
1307
1305
1306
1304
1310
1309
1312
1316
1313
1315
1317
1318
1320
1319
1314
1324
1331
1329
1322
1321
1330
1332
1323
1326
1334
1327
1337
1335
1333
1325
1328
1340
1336
1339
1341
1338
1348
1343
1347
1344
1345
1346
1342
1352
1350
1351
1354
1349
1353
1357
1356
1355
1370
1359
1360
1366
1368
1362
1361
1371
1365
1363
1364
1375
1377
1373
1380
1376
1369
1379
1374
1382
1372
1386
1388
1378
1384
1385
1381
1387
1390
1391
1393
1389
1394
1396
1400
1392
1399
1402
1395
1398
1397
1405
1401
1403
1404
1406
1411
1414
1409
1417
1410
1407
1413
1424
1408
1412
1415
1421
1422
1416
1418
1428
1423
1425
1426
1430
1431
1429
1427
1437
1439
1433
1436
1438
1442
1441
1434
1432
1435
1443
1445
1440
1453
1446
1450
1447
1444
1459
1456
1454
1457
1448
1460
1449
1452
1465
1455
1461
1451
1458
1464
1462
1466
1467
1468
1474
1473
1463
1472
1470
1476
1471
1475
1469
1477
1480
1479
1478
1481
1482
1493
1485
1483
1489
1484
1488
1495
1487
1494
1490
1486
1498
1499
1492
1500
1502
1505
1507
1504
1508
1501
1506
1516
1510
1512
1513
1503
1515
1514
1517
1509
1511
1520
1522
1518
1524
1528
1523
1521
1525
1534
1531
1519
1529
1526
1535
1530
1527
1532
1533
1537
1536
1539
1538
1540
1548
1542
1541
1543
1546
1550
1547
1545
1549
1544
1552
1553
1555
1563
1562
1554
1556
1561
1551
1560
1565
1567
1558
1564
1566
1569
1557
1568
1559
1571
1573
1577
1572
1576
1582
1570
1575
1578
1580
1581
1585
1574
1586
1584
1583
1579
1592
1589
1588
1595
1594
1590
1596
1591
1593
1598
1597
1599
1602
1609
1604
1606
1600
1605
1608
1613
1619
1612
1603
1610
1601
1617
1618
1611
1616
1614
1623
1620
1621
1625
1615
1630
1624
1626
1629
1628
1634
1637
1631
1635
1638
1633
1644
1643
1646
1642
1636
1641
1649
1647
1640
1655
1639
1651
1632
1654
1645
1650
1657
1652
1653
1656
1648
1659
1658
1661
1667
1664
1674
1662
1663
1670
1669
1672
1665
1666
1668
1677
1676
1675
1678
1671
1679
1673
1686
1685
1689
1691
1681
1692
1683
1688
1680
1695
1693
1682
1684
1694
1696
1687
1690
1697
1700
1699
1698
1703
1701
1705
1704
1702
1708
1709
1710
1707
1716
1712
1713
1711
1706
1720
1714
1718
1717
1715
1723
1728
1719
1724
1721
1722
1732
1730
1731
1725
1733
1727
1735
1734
1729
1737
1726
1739
1743
1740
1738
1736
1741
1742
1753
1749
1748
1745
1744
1750
1754
1746
1776
1761
1766
1775
1759
1756
1765
1767
1747
1769
1755
1763
1751
1774
1758
1764
1752
1760
1781
1782
1779
1780
1777
1785
1789
1778
1790
1784
1791
1787
1798
1788
1799
1786
1797
1783
1802
1793
1795
1794
1801
1806
1792
1796
1809
1803
1805
1807
1810
1808
1800
1804
1811
1812
1814
1819
1815
1816
1818
1825
1824
1822
1820
1834
1826
1828
1821
1817
1829
1842
1840
1827
1833
1839
1830
1836
1835
1838
1832
1831
1837
1841
1844
1845
1846
1847
1843
1849
1850
1848
1854
1855
1852
1856
1851
1853
1860
1857
1859
1861
1862
1863
1867
1866
1858
1869
1871
1864
1865
1879
1875
1872
1882
1877
1876
1874
1873
1870
1881
1878
1883
1880
1885
1888
1884
1887
1889
1892
1891
1898
1890
1897
1894
1895
1900
1886
1903
1896
1893
1899
1904
1906
1902
1905
1907
1911
1910
1901
1912
1916
1915
1920
1914
1913
1909
1908
1919
1917
1918
1921
1922
1924
1923
1926
1928
1930
1927
1935
1925
1937
1929
1933
1934
1932
1931
1936
1940
1938
1944
1943
1939
1945
1942
1948
1951
1950
1941
1956
1947
1946
1949
1955
1954
1958
1957
1952
1953
1959
1963
1966
1969
1970
1960
1962
1961
1968
1971
1964
1973
1965
1967
1974
1975
1976
1978
1981
1972
1979
1983
1980
1977
1985
1992
1982
1984
1989
1991
1993
1986
1990
1987
1994
1995
1999
1988
1996
2002
2004
1998
2003
2001
2005
1997
2000
2014
2015
2016
2305
2304
2303
2298
2312
2314
2300
2306
2315
2302
2316
2313
2318
2321
2317
2322
2323
2329
2320
2325
2327
2319
2324
2330
2331
2328
2338
2335
2326
2332
2341
2337
2333
2340
2339
2343
2348
2334
2344
2336
2345
2353
2347
2342
2352
2350
2349
2351
2358
2357
2360
2354
2359
2355
2346
2363
2361
2364
2371
2356
2368
2373
2366
2365
2381
2378
2367
2372
2374
2370
2362
2369
2384
2377
2380
2385
2375
2386
2376
2379
2390
2387
2389
2382
2392
2394
2391
2395
2397
2396
2393
2398
2400
2399
2401
2412
2404
2405
2402
2416
2415
2409
2413
2411
2418
2417
2410
2406
2408
2419
2421
2422
2425
2420
2424
2388
2513
2514
2517
2515
2512
2518
2519
2516
2520
2535
2533
2536
2532
2530
2531
2529
2540
2541
2538
2539
2534
2537
2545
2547
2544
2542
2549
2546
2543
2552
2551
2553
2548
2559
2550
2556
2560
2558
2554
2561
2555
2557
2564
2571
2566
2562
2565
2576
2568
2569
2567
2572
2563
2570
2575
2574
2573
2579
2578
2577
2582
2584
2580
2583
2589
2588
2587
2585
2581
2590
2586
2592
2594
2591
2593
2595
2602
2597
2600
2601
2603
2598
2607
2609
2613
2611
2610
2612
2606
2604
2615
2617
2616
2619
2614
2620
2618
2621
2622
2623
2628
2629
2624
2626
2633
2636
2634
2632
2627
2631
2630
2625
2637
2635
2638
2645
2641
2639
2647
2642
2643
2644
2654
2640
2648
2653
2651
2655
2652
2657
2650
2658
2649
2662
2663
2666
2661
2668
2656
2664
2665
2671
2677
2667
2674
2669
2680
2676
2678
2672
2679
2673
2675
2683
2681
2686
2685
2682
2691
2687
2688
2689
2693
2684
2694
2697
2695
2690
2698
2700
2692
2702
2696
2703
2706
2708
2704
2701
2699
2715
2705
2710
2723
2718
2709
2707
2714
2712
2711
2716
2726
2717
2719
2722
2730
2720
2725
2724
2729
2732
2727
2728
2733
2735
2734
2731
2737
2736
2740
2738
2748
2741
2749
2743
2745
2744
2742
2753
2750
2746
2739
2747
2752
2754
2751
2759
2761
2756
2755
2757
2766
2763
2760
2764
2769
2762
2768
2765
2767
2773
2770
2772
2774
2778
2771
2775
2780
2777
2787
2776
2779
2782
2788
2791
2786
2783
2789
2785
2793
2790
2784
2792
2794
2781
2795
2799
2797
2800
2796
2798
2801
2802
2804
2803
2806
2808
2807
2809
2805
2811
2810
2812
2817
2820
2814
2813
2816
2815
2818
2822
2825
2827
2819
2826
2821
2824
2823
2828
2834
2831
2830
2829
2836
2832
2837
2833
2835
2844
2843
2838
2842
2839
2840
2841
2846
2845
2851
2850
2848
2847
2857
2856
2852
2861
2849
2860
2855
2854
2858
2853
2859
2862
2864
2863
2867
2868
2865
2866
2875
2870
2869
2872
2874
2877
2876
2873
2871
2878
2881
2880
2882
2885
2891
2884
2889
2886
2888
2890
2895
2883
2897
2896
2894
2902
2898
2900
2893
2899
2887
2903
2906
2908
2905
2907
2913
2921
2911
2925
2912
2924
2910
2926
2930
2928
2932
2929
2931
2936
2938
2935
2939
2941
2940
2942
2945
2944
2947
2948
2950
2954
2952
2951
2957
2961
2963
2964
2967
2966
2968
2969
2970
2958
2972
2960
2962
2974
2975
2971
2977
2976
2985
2973
2914
2996
2983
2980
2979
2981
2988
3000
2995
2992
3001
2993
3002
3005
2986
2982
2978
2984
3006
3008
2987
3003
3010
3014
3012
3013
3011
3018
3017
3009
3019
3015
3023
3016
3022
3021
3020
3028
3037
3024
3026
3025
3031
3030
3040
3032
3035
3041
3039
3042
3029
3038
3034
3036
3043
3033
3044
3048
3051
3047
3049
3050
3046
3056
3053
3045
3052
3055
3058
3059
3054
3061
3062
3057
3060
3066
3068
3065
3064
3063
3067
3069
3074
3071
3072
3076
3079
3073
3075
3077
3081
3070
3078
3082
3080
3084
3087
3089
3083
3085
3086
3096
3090
3088
3098
3092
3095
3094
3093
3091
3099
3097
3101
3100
3102
3105
3104
3103
3107
3106
3109
3108
3112
3113
3111
3110
3117
3126
3114
3118
3116
3121
3127
3125
3120
3115
3129
3123
3119
3128
3124
3131
3130
3133
3132
3122
3139
3136
3138
3137
3144
3135
3142
3141
3147
3134
3140
3143
3145
3148
3152
3150
3153
3146
3155
3151
3160
3149
3158
3163
3166
3161
3167
3154
3162
3164
3157
3156
3168
3159
3169
3165
3172
3170
3171
3176
3174
3178
3173
3175
3179
3181
3180
3177
3182
3183
3194
3192
3186
3184
3187
3190
3196
3185
3189
3195
3202
3199
3191
3197
3193
3188
3200
3198
3206
3201
3203
3208
3207
3211
3213
3212
3204
3205
3217
3210
3215
3209
3216
3214
3221
3218
3219
3220
3227
3233
3223
3224
3226
3222
3225
3228
3230
3229
3232
3235
3238
3239
3237
3234
3243
3236
3231
3240
3249
3250
3244
3248
3245
3242
3247
3246
3253
3252
3263
3255
3256
3254
3259
3260
3268
3257
3261
3271
3269
3262
3264
3266
3265
3277
3258
3275
3272
3274
3273
3270
3281
3278
3279
3283
3282
3276
3286
3288
3280
3285
3284
3287
3291
3289
3299
3292
3290
3298
3293
3294
3297
3296
3304
3301
3305
3295
3308
3303
3307
3302
3300
3313
3306
3314
3316
3309
3317
3310
3312
3319
3311
3318
3323
3320
3322
3327
3325
3324
3328
3329
3321
3326
3330
3331
3333
3340
3338
3336
3342
3332
3344
3346
3335
3337
3334
3350
3345
3341
3339
3343
3348
3347
3349
3352
3351
3356
3354
3355
3359
3357
3358
3353
3365
3360
3366
3361
3362
3363
3367
3371
3364
3368
3369
3370
3373
3378
3377
3384
3372
3381
3374
3376
3379
3375
3386
3383
3387
3385
3382
3388
3389
3391
3380
3395
3390
3393
3392
3394
3400
3396
3399
3403
3401
3398
3397
3406
3402
3404
3408
3407
3409
3405
3412
3417
3410
3414
3416
3411
3415
3413
3421
3419
3418
3425
3422
3420
3424
3426
3427
3423
3431
3428
3429
3437
3435
3439
3434
3432
3430
3436
3438
3433
3442
3445
3449
3450
3448
3441
3446
3452
3460
3443
3456
3462
3451
3464
3459
3463
3458
3454
3447
3440
3466
3469
3461
3455
3465
3453
3468
3472
3470
3471
3467
3474
3473
3475
3478
3477
3476
3483
3480
3493
3486
3481
3491
3479
3482
3489
3487
3488
3485
3484
3490
3496
3498
3492
3504
3495
3507
3499
3497
3502
3503
3500
3501
3494
3506
3509
3505
3508
3513
3510
3512
3514
3511
3515
3521
3516
3525
3520
3517
3531
3538
3522
3524
3528
3527
3523
3532
3534
3526
3519
3536
3540
3529
3542
3541
3539
3535
3537
3543
3547
3544
3548
3546
3551
3545
3550
3549
3552
3553
3554
3555
3557
3556
3562
3561
3560
3568
3566
3570
3567
3574
3573
3571
3575
3564
3572
3565
3563
3569
3577
3576
3579
3578
3584
3582
3586
3580
3592
3590
3587
3594
3591
3589
3593
3581
3583
3588
3601
3595
3599
3585
3596
3605
3608
3602
3603
3600
3609
3613
3606
3611
3604
3598
3612
3610
3615
3614
3617
3620
3621
3616
3619
3623
3618
3622
3625
3624
3629
3626
3627
3628
3631
3630
3642
3649
3648
3647
3646
3643
3653
3645
3652
3644
3659
3655
3658
3650
3661
3663
3660
3654
3656
3657
3667
3664
3668
3666
3669
3665
3671
3662
3674
3673
3672
3670
3675
3682
3677
3681
3678
3680
3683
3676
3679
3684
3689
3685
3687
3686
3692
3693
3688
3690
3694
3701
3697
3698
3703
3704
3696
3702
3699
3695
3705
3700
3706
3709
3716
3710
3711
3718
3713
3715
3719
3717
3725
3708
3724
3721
3707
3720
3723
3726
3728
3731
3729
3733
3736
3727
3730
3735
3732
3739
3738
3734
3745
3744
3740
3746
3742
3737
3743
3750
3741
3747
3751
3748
3753
3752
3758
3756
3757
3762
3749
3755
3761
3754
3759
3763
3770
3767
3760
3765
3764
3773
3766
3769
3771
3768
3777
3775
3776
3785
3780
3778
3783
3782
3784
3787
3788
3774
3790
3781
3786
3791
3779
3793
3789
3792
3796
3794
3795
3799
3800
3798
3805
3797
3806
3804
3802
3803
3801
3810
3809
3807
3808
3811
3815
3813
3824
3826
3819
3816
3822
3820
3823
3814
3827
3812
3825
3818
3817
3828
3829
3832
3831
3833
3834
3830
3840
3839
3841
3843
3836
3835
3837
3842
3838
3847
3845
3844
3846
3853
3850
3849
3856
3848
3858
3863
3851
3855
3861
3859
3854
3860
3857
3852
3864
3862
3867
3865
3866
3873
3869
3872
3868
3874
3876
3875
3870
3879
3877
3871
3878
3881
3882
3883
3880
3889
3891
3884
3887
3890
3888
3892
3886
3895
3894
3899
3885
3896
3900
3898
3893
3897
3904
3902
3901
3909
3905
3907
3906
3903
3908
3910
3911
4174
4176
4181
4179
4177
4183
4178
4180
4190
4182
4175
4186
4185
4189
4184
4193
4191
4192
4188
4196
4187
4202
4199
4197
4194
4201
4198
4204
4195
111113
111112
111111
111115
111119
111116
111124
111123
111117
111118
111114
111125
111126
111127
111128
111122
111129
111121
111131
111132
111130
111139
111137
111134
111146
111133
111140
111136
111141
111138
111147
111143
111145
111142
111151
111150
111148
111144
111154
111159
111149
111156
111155
111160
111157
111152
111158
111153
111161
111166
111164
111162
111163
111167
111168
111165
111172
111170
111173
111171
111174
111169
111178
111177
111175
111176
111183
111179
111182
111184
111181
111187
111180
111192
111189
111185
111188
111191
111190
111186
111196
111193
111200
111197
111194
111195
111201
111203
111205
111202
111207
111198
111199
111209
111211
111210
111204
111208
111206
111212
111215
111213
111219
111221
111214
111216
111220
111217
111218
111225
111223
111227
111224
111226
111222
111228
111229
111230
111234
111237
111236
111232
111238
111235
111233
111239
111243
111242
111231
111240
111245
111246
111248
111244
111241
111247
111252
111256
111249
111251
111253
111250
111257
111258
111260
111262
111259
111254
111263
111255
111261
111266
111265
111267
111268
111264
111271
111273
111274
111270
111276
111277
111269
111272
111278
111280
111275
111282
111284
111279
111281
111285
111287
111289
111283
111286
111295
111294
111288
111292
111291
111297
111296
111293
111302
111290
111300
111305
111299
111301
111298
111303
111309
111308
111307
111304
111306
111310
111314
111317
111315
111318
111311
111316
111322
111328
111324
111312
111319
111320
111313
111329
111325
111321
111323
111332
111326
111333
111330
111331
111327
111338
111335
111340
111337
111336
111345
111334
111351
111348
111353
111342
111341
111343
111350
111346
111349
111354
111344
111358
111357
111339
111356
111347
111355
111359
111360
111367
111364
111365
111363
111368
111362
111370
111369
111371
111372
111373
111374
111378
111376
111375
111379
111380
111382
111387
111385
111377
111381
111384
111391
111386
111383
111395
111394
111393
111388
111397
111389
111392
111399
111398
111396
111390
111400
111403
111404
111402
111401
111406
111408
111409
111412
111407
111405
111414
111411
111410
111416
111420
111417
111415
111418
111424
111425
111423
111432
111421
111426
111413
111419
111431
111427
111430
111433
111434
111436
111435
111437
111429
111441
111438
111440
111443
111442
111446
111439
111444
111448
111453
111454
111450
111452
111445
111449
111463
111457
111458
111447
111455
111460
111451
111461
111462
111464
111456
111470
111467
111471
111468
111472
111466
111465
111459
111475
111473
111469
111477
111474
111480
111476
111487
111481
111485
111479
111484
111489
111478
111482
111491
111483
111490
111495
111488
111493
111486
111492
111498
111502
111500
111497
111494
111496
111499
111503
111504
111505
111508
111501
111512
111509
111507
111514
111511
111510
111517
111522
111506
111518
111516
111521
111513
111525
111515
111524
111527
111530
111532
111528
111534
111529
111520
111523
111539
111533
111535
111537
111531
111540
111536
111543
111547
111545
111542
111541
111538
111544
111546
111548
111557
111556
111555
111549
111552
111551
111559
111554
111560
111558
111563
111566
111564
111562
111561
111553
111568
111567
111574
111565
111571
111572
111570
111573
111576
111575
111579
111582
111577
111578
111588
111580
111589
111586
111590
111587
111593
111581
111584
111595
111585
111592
111583
111596
111594
111597
111598
111591
111606
111602
111599
111601
111600
111607
111605
111612
111609
111610
111611
111603
111613
111614
111608
111604
111619
111622
111628
111615
111631
111620
111617
111630
111623
111632
111626
111627
111625
111634
111635
111629
111636
111624
111621
111618
111633
111616
111637
111643
111639
111642
111638
111640
111645
111644
111641
111647
111650
111651
111648
111649
111660
111646
111663
111655
111653
111656
111658
111657
111659
111662
111652
111654
111661
111666
111669
111664
111671
111667
111665
111668
111673
111670
111672
111674
111676
111677
111680
111681
111679
111683
111682
111684
111678
111687
111686
111692
111691
111685
111690
111702
111707
111695
111703
111693
111694
111688
111689
111696
111697
111705
111700
111701
111698
111704
111706
111699
111708
111711
111713
111712
111715
111710
111709
111716
111718
111714
111720
111723
111722
111717
111721
111728
111724
111719
111732
111734
111725
111726
111727
111731
111735
111729
111736
111740
111741
111737
111733
111743
111730
111738
111742
111739
111747
111744
111745
111746
111750
111756
111757
111749
111748
111754
111752
111753
111761
111763
111751
111760
111755
111762
111764
111767
111766
111758
111768
111769
111770
111773
111775
111774
111772
111778
111776
111771
111777
111783
111779
111781
111784
111782
111780
111786
111789
111791
111790
111787
111788
111793
111795
111801
111792
111794
111803
111785
111797
111805
111804
111800
111806
111796
111809
111798
111802
111811
111808
111799
111807
111813
111810
111814
111816
111815
111817
111823
111818
111819
111812
111821
111820
111825
111835
111822
111831
111824
111829
111838
111827
111828
111833
111837
111832
111834
111843
111839
111844
111836
111841
111848
111850
111849
111842
111845
111846
111847
111855
111858
111854
111856
111852
111853
111859
111860
111851
111863
111862
111861
111857
111864
111866
111867
111869
111870
111865
111871
111873
111868
111878
111880
111879
111872
111877
111881
111874
111876
111882
111875
111887
111889
111883
111886
111885
111884
111888
111890
111893
111895
111894
111898
111897
111900
111896
111903
111905
111901
111899
111891
111902
111906
111914
111909
111907
111904
111908
111911
111912
111910
111920
111921
111922
111919
111918
111917
111915
111925
111924
111923
111927
111926
111932
111928
111933
111929
111930
111931
111936
111934
111935
111939
111937
111942
111946
111944
111943
111938
111948
111945
111947
111941
111952
111954
111949
111940
111953
111950
111957
111951
111959
111958
111955
111956
111960
111963
111964
111967
111966
111965
111970
111962
111975
111961
111974
111969
111976
111971
111979
111968
111973
111972
111980
111977
111985
111983
111984
111978
111986
111982
111981
111988
111991
111990
111987
111992
111989
111994
111995
111997
111999
111993
111996
112001
111998
112003
112004
112006
112000
112013
112010
112005
112012
112002
112009
112011
112020
112008
112007
112015
112017
112016
112021
112019
112018
112014
112028
112030
112022
112033
112026
112024
112029
112032
112031
112036
112041
112039
112027
112034
112037
112046
112035
112042
112050
112038
112045
112051
112043
112040
112052
112048
112053
112049
112056
112055
112044
112054
112058
112059
112062
112047
112057
112065
112060
112066
112061
112071
112063
112064
112068
112067
112073
112069
112077
112074
112072
112070
112076
112075
112079
112085
112080
112083
112093
112078
112082
112089
112088
112084
112081
112087
112086
112097
112094
112098
112090
112095
112096
112100
112092
112091
112101
112105
112102
112103
112109
112107
112111
112106
112104
112113
112110
112108
112112
112116
112114
112122
112117
112123
112121
112126
112118
112128
112130
112129
112115
112124
112119
112125
112133
112120
112127
112134
112131
112135
112140
112141
112136
112137
112132
112143
112142
112146
112148
112145
112144
112154
112152
112147
112149
112150
112151
112153
112161
112155
112160
112158
112156
112157
112162
112159
112165
112168
112164
112163
112166
112173
112169
112170
112171
112167
112177
112176
112180
112174
112179
112175
112178
112172
112181
112184
112188
112185
112182
112186
112187
112183
112193
112191
112189
112200
112190
112192
112197
112199
112198
112205
112202
112208
112213
112209
112214
112218
112212
112220
112194
112222
112201
112195
112224
112211
112223
112225
112217
112219
112221
112228
112226
112232
112235
112233
112234
112204
112231
112229
112230
112237
112238
112203
112206
112216
112243
112236
112227
112241
112239
112244
112242
112240
112247
112245
112253
112252
112256
112248
112250
112246
112257
112265
112254
112266
112260
112270
112259
112251
112249
112258
112264
112262
112268
112271
112267
112269
112273
112276
112280
112275
112272
112274
112282
112279
112283
112285
112286
112281
112277
112278
112289
112284
112288
112287
112293
112295
112300
112290
112292
112302
112301
112297
112291
112299
112298
112294
112307
112306
112304
112305
112296
112308
112303
112312
112309
112311
112310
112313
112318
112314
112321
112316
112323
112320
112317
112319
112315
112322
112325
112327
112328
112324
112336
112326
112331
112330
112329
112335
112334
112341
112332
112333
112337
112338
112345
112343
112347
112339
112344
112342
112349
112354
112348
112351
112346
112350
112355
112359
112358
112352
112360
112361
112356
112353
112357
112363
112362
112366
112365
112364
112370
112372
112367
112376
112378
112375
112380
112373
112371
112369
112368
112379
112387
112389
112377
112381
112384
112383
112388
112382
112385
112395
112394
112398
112393
112392
112402
112391
112399
112400
112407
112397
112390
112403
112404
112401
112396
112411
112405
112408
112406
112412
112409
112415
112413
112410
112420
112417
112416
112414
112419
112418
112427
112421
112422
112423
112424
112426
112428
112429
112430
112433
112425
112434
112437
112436
112435
112440
112431
112432
112438
112443
112439
112441
112444
112448
112445
112442
112447
112446
112453
112450
112452
112451
112454
112455
112449
112456
112457
112459
112462
112468
112463
112461
112458
112460
112473
112464
112467
112474
112470
112475
112465
112469
112466
112477
112471
112472
112476
112479
112480
112478
112482
112485
112484
112481
112489
112486
112492
112487
112493
112483
112490
112491
112488
112497
112495
112494
112498
112503
112499
112500
112511
112506
112507
112496
112512
112504
112513
112505
112501
112509
112514
112516
112517
112518
112520
112530
112522
112519
112527
112521
112529
112526
112532
112531
112523
112525
112534
112535
112502
112543
112538
112508
112537
112539
112536
112542
112545
112547
112548
112552
112550
112544
112528
112549
112524
112555
112561
112546
112556
112559
112558
112564
112557
112562
112563
112569
112570
112560
112565
112533
112566
112567
112579
112576
112568
112578
112582
112580
112581
112572
112584
112577
112583
112571
112588
112587
112591
112586
112590
112595
112593
112602
112589
112601
112605
112598
112603
112604
112596
112594
112600
112606
112592
112610
112599
112597
112607
112617
112618
112609
112612
112621
112613
112615
112614
112619
112616
112624
112620
112625
112623
112627
112622
112629
112632
112628
112633
112630
112636
112648
112626
112645
112639
112635
112637
112638
112631
112634
112641
112649
112643
112651
112647
112646
112642
112652
112640
112654
112644
112653
112657
112655
112656
112661
112658
112650
112662
112663
112659
112664
112665
112660
112666
112676
112670
112667
112671
112674
112669
112672
112682
112678
112680
112675
112679
112673
112677
112686
112668
112687
112681
112683
112689
112684
112690
112688
112694
112685
112691
112692
112693
112698
112699
112696
112695
112697
112702
112700
112701
112705
112703
112711
112715
112712
112710
112707
112714
112708
112724
112709
112717
112718
112727
112726
112706
112722
112721
112716
112729
112720
112733
112735
112728
112730
112725
112737
112736
112732
112740
112734
112731
112739
112742
112744
112747
112743
112746
112745
112741
112750
112755
112738
112751
112753
112754
112749
112758
112759
112761
112752
112757
112760
112756
112765
112767
112764
112766
112762
112763
112768
112769
112770
112774
112772
112775
112776
112773
112780
112779
112782
112777
112771
112783
112787
112785
112781
112784
112778
112788
112792
112790
112793
112789
112800
112794
112799
112786
112791
112795
112801
112796
112798
112804
112797
112803
112807
112806
112805
112810
112814
112815
112813
112816
112822
112824
112818
112808
112826
112825
112811
112819
112809
112820
112812
112817
112823
21
26
16
13
3
11
14
10
9
110
28
169
187
12
8
174
22
5
94
170
235
76
236
248
228
276
269
305
309
333
414
402
356
473
479
411
405
678
421
531
506
969
1026
709
1025
443
1145
870
515
1032
847
1159
1278
1188
1182
1220
1125
1271
1214
1196
1358
1383
1367
1497
1420
1496
1270
1419
1491
1607
1587
1762
1622
1627
1768
1773
1660
1813
1772
1868
1770
1757
2299
2383
2403
2414
2423
2301
2605
2407
2599
2596
2721
2608
2660
2904
2879
2943
2934
2713
2917
2956
2933
2959
2923
2915
2901
2892
2949
2946
2909
2918
2955
2965
2922
2999
2916
2953
2998
2937
2989
2991
2997
3007
2994
2927
2920
2990
2919
3004
3530
3251
3241
3027
3457
3444
3267
3651
3558
3691
3533
3597
3518
3607
3315
3559
3712
3714
3821
3722
4203
4200
111352
111366
111422
111135
111120
111830
111519
111526
111913
111759
111550
111765
111675
111428
111361
111826
111569
111840
111916
111892
112139
112196
112023
112099
112207
112210
112025
112138
112255
112263
112215
112374
112340
112261
112515
112386
112574
112541
112510
112573
112585
112575
112554
112553
112540
112611
1823
112748
483
112802
112723
112608
112551
112704
112821
112719
2670
2659
112713
1771
425
3772
2758